% The data
p_IGF1Rbeta=[
0.027626518
0.052902348
0.729384517
1
0.067531333
0.067678133
0.951858936
1
0.782934435
0.09732001
0.0702768

    ];
pY1068_EGFR=[
0.906171095
0.203118789
0.781838721
0.250915669
1
0.402168322
0.804109842
0.144802392
0.119228964
1
0.920563507

];
pS473_AKT=[
0.174679186
0.152572273
0.870388029
1
0.306485339
0.19253612
1
0.752289884
0.85752886
0.423382112
0.38971722

];
p_ERK=[
0.496913113
0.398456626
0.723621303
0.398034564
1
0.549011634

1
0.615204139
0.446474226
0.961310059
0.920207701

];


  



